0 0 0 1 0 0 1
0.01 4.98433e-05 5.00097e-05 0.999932 0.00501755 -0.00498222 0.999932
0.02 0.000199057 0.000200388 0.999729 0.0100698 -0.00992843 0.99973
0.03 0.000447189 0.000451685 0.999391 0.015156 -0.0148379 0.999392
0.04 0.000793823 0.000804484 0.998916 0.0202756 -0.01971 0.99892
0.05 0.00123857 0.0012594 0.998305 0.0254279 -0.0245439 0.998313
0.06 0.00178107 0.0018171 0.997558 0.0306124 -0.0293388 0.997571
0.07 0.00242101 0.00247826 0.996673 0.0358284 -0.0340941 0.996693
0.08 0.00315808 0.00324362 0.995651 0.0410753 -0.0388088 0.995681
0.09 0.00399202 0.00411394 0.99449 0.0463525 -0.0434822 0.994534
0.1 0.0049226 0.00509003 0.993191 0.0516596 -0.0481134 0.99325
0.11 0.00594961 0.00617274 0.991752 0.0569958 -0.0527015 0.991831
0.12 0.00707287 0.00736295 0.990173 0.0623607 -0.0572457 0.990276
0.13 0.00829224 0.00866161 0.988453 0.0677537 -0.0617449 0.988585
0.14 0.00960761 0.0100697 0.986591 0.0731742 -0.0661982 0.986756
0.15 0.0110189 0.0115882 0.984586 0.0786217 -0.0706047 0.98479
0.16 0.012526 0.0132183 0.982437 0.0840956 -0.0749632 0.982686
0.17 0.0141289 0.014961 0.980144 0.0895955 -0.0792727 0.980444
0.18 0.0158277 0.0168175 0.977704 0.0951207 -0.083532 0.978062
0.19 0.0176223 0.018789 0.975118 0.100671 -0.0877401 0.97554
0.2 0.0195128 0.0208769 0.972383 0.106245 -0.0918956 0.972878
0.21 0.0214994 0.0230825 0.969498 0.111843 -0.0959974 0.970074
0.22 0.0235821 0.0254071 0.966462 0.117465 -0.100044 0.967128
0.23 0.0257611 0.0278523 0.963273 0.123109 -0.104034 0.964039
0.24 0.0280366 0.0304195 0.95993 0.128775 -0.107967 0.960806
0.25 0.0304088 0.0331104 0.956431 0.134462 -0.11184 0.957427
0.26 0.032878 0.0359267 0.952774 0.140171 -0.115652 0.953902
0.27 0.0354446 0.03887 0.948957 0.1459 -0.119402 0.95023
0.28 0.0381087 0.0419422 0.944978 0.151649 -0.123087 0.946408
0.29 0.0408709 0.0451453 0.940836 0.157418 -0.126706 0.942437
0.3 0.0437315 0.0484811 0.936527 0.163205 -0.130258 0.938314
0.31 0.046691 0.0519518 0.932049 0.16901 -0.13374 0.934038
0.32 0.0497499 0.0555596 0.9274 0.174832 -0.13715 0.929608
0.33 0.0529087 0.0593066 0.922577 0.180672 -0.140486 0.925022
0.34 0.0561681 0.0631954 0.917577 0.186527 -0.143746 0.920277
0.35 0.0595287 0.0672283 0.912398 0.192398 -0.146927 0.915373
0.36 0.0629912 0.0714081 0.907035 0.198284 -0.150027 0.910308
0.37 0.0665563 0.0757373 0.901486 0.204183 -0.153043 0.905079
0.38 0.070225 0.0802188 0.895747 0.210096 -0.155972 0.899685
0.39 0.0739981 0.0848557 0.889814 0.216022 -0.158812 0.894123
0.4 0.0778766 0.089651 0.883683 0.221959 -0.161559 0.88839
0.41 0.0818616 0.0946081 0.877349 0.227906 -0.16421 0.882486
0.42 0.0859541 0.0997303 0.870808 0.233864 -0.166762 0.876406
0.43 0.0901555 0.105021 0.864055 0.23983 -0.16921 0.870149
0.44 0.0944671 0.110485 0.857084 0.245804 -0.171551 0.863712
0.45 0.0988903 0.116125 0.84989 0.251784 -0.17378 0.857091
0.46 0.103427 0.121945 0.842467 0.25777 -0.175894 0.850284
0.47 0.108078 0.127951 0.834808 0.263761 -0.177886 0.843288
0.48 0.112847 0.134146 0.826905 0.269754 -0.179752 0.8361
0.49 0.117735 0.140536 0.818752 0.275749 -0.181487 0.828715
0.5 0.122744 0.147125 0.81034 0.281744 -0.183084 0.821131
0.51 0.127877 0.153919 0.80166 0.287736 -0.184537 0.813345
0.52 0.133137 0.160923 0.792702 0.293726 -0.185839 0.805351
0.53 0.138528 0.168144 0.783456 0.29971 -0.186983 0.797146
0.54 0.144053 0.175587 0.773909 0.305686 -0.187961 0.788727
0.55 0.149716 0.18326 0.764049 0.311652 -0.188765 0.780088
0.56 0.155522 0.191168 0.753862 0.317606 -0.189384 0.771226
0.57 0.161477 0.199319 0.743332 0.323544 -0.189809 0.762137
0.58 0.167587 0.207722 0.732442 0.329463 -0.190029 0.752816
0.59 0.17386 0.216383 0.721172 0.335359 -0.190032 0.743258
0.6 0.180305 0.225311 0.709501 0.341229 -0.189806 0.733459
0.61 0.186934 0.234516 0.697403 0.347069 -0.189336 0.723415
0.62 0.193758 0.244007 0.68485 0.352871 -0.188608 0.713122
0.63 0.200794 0.253794 0.671809 0.358631 -0.187604 0.702575
0.64 0.208063 0.263887 0.658244 0.364342 -0.186306 0.691771
0.65 0.215588 0.274298 0.644109 0.369995 -0.184696 0.680707
0.66 0.223401 0.285039 0.629351 0.37558 -0.182752 0.669381
0.67 0.231544 0.296124 0.613907 0.381086 -0.180451 0.65779
0.68 0.24007 0.307567 0.597698 0.386498 -0.177767 0.645935
0.69 0.24905 0.319387 0.580625 0.391798 -0.174675 0.633816
0.7 0.258584 0.331602 0.56256 0.396962 -0.171144 0.621436
0.71 0.268812 0.344239 0.543332 0.401962 -0.167144 0.608799
0.72 0.279943 0.357333 0.5227 0.406754 -0.162643 0.595913
0.73 0.292304 0.370932 0.500301 0.411279 -0.157605 0.582789
0.74 0.306456 0.385118 0.475539 0.415443 -0.151994 0.569439
0.75 0.323514 0.400037 0.44726 0.419082 -0.145775 0.555881
0.76 0.346441 0.415999 0.412466 0.421867 -0.138907 0.542135
0.77 0.389838 0.432102 0.356512 0.424676 -0.13135 0.528222
0.78 0.430622 0.444778 0.302428 0.431062 -0.12305 0.514161
0.79 0.464267 0.456698 0.254643 0.438344 -0.11391 0.499958
0.8 0.495284 0.46843 0.208482 0.445953 -0.103766 0.485616
0.81 0.524798 0.480074 0.162543 0.453782 -0.0923405 0.471144
0.82 0.553287 0.491659 0.115832 0.461758 -0.0791187 0.456583
0.83 0.581006 0.503193 0.0669989 0.469648 -0.0630044 0.442159
0.84 0.608109 0.514681 0.0130721 0.476033 -0.0411812 0.429285
0.85 0.6347 0.52612 -0.0482788 0.470529 -0.0114213 0.42835
0.86 0.660847 0.537507 -0.102041 0.450765 0.0111939 0.441727
0.87 0.686596 0.548842 -0.14804 0.429648 0.0264439 0.45651
0.88 0.711984 0.560126 -0.190688 0.408957 0.0387044 0.470917
0.89 0.737039 0.571362 -0.231496 0.388732 0.0494563 0.484907
0.9 0.761787 0.582552 -0.271124 0.368888 0.0593368 0.49856
0.91 0.78625 0.593701 -0.309924 0.34935 0.0686746 0.511948
0.92 0.810445 0.604811 -0.348105 0.330062 0.0776603 0.525127
0.93 0.834388 0.615885 -0.385802 0.310979 0.0864136 0.538136
0.94 0.858095 0.626926 -0.423109 0.292069 0.095014 0.551006
0.95 0.881578 0.637935 -0.460094 0.273306 0.103516 0.563759
0.96 0.904848 0.648915 -0.496809 0.254671 0.11196 0.576414
0.97 0.927916 0.659868 -0.533291 0.236147 0.120374 0.588985
0.98 0.950792 0.670795 -0.569572 0.217721 0.12878 0.601484
0.99 0.973483 0.681699 -0.605677 0.199382 0.137194 0.613918
1 0.995998 0.692581 -0.641627 0.181121 0.145629 0.626297
1.01 1.01834 0.703442 -0.677437 0.162931 0.154094 0.638627
1.02 1.04053 0.714284 -0.713123 0.144804 0.162597 0.650912
1.03 1.06255 0.725107 -0.748696 0.126735 0.171144 0.663158
1.04 1.08443 0.735913 -0.784167 0.10872 0.179739 0.675367
1.05 1.10616 0.746702 -0.819545 0.0907527 0.188387 0.687545
1.06 1.12775 0.757477 -0.854837 0.0728306 0.197089 0.699693
1.07 1.1492 0.768236 -0.89005 0.0549501 0.205849 0.711814
1.08 1.17052 0.778982 -0.92519 0.0371081 0.214668 0.72391
1.09 1.19172 0.789715 -0.960263 0.019302 0.223547 0.735983
1.1 1.21279 0.800435 -0.995274 0.00152938 0.232488 0.748035
1.11 1.23373 0.811144 -1.03023 -0.0162119 0.241491 0.760068
1.12 1.25457 0.821842 -1.06512 -0.0339238 0.250556 0.772082
1.13 1.27528 0.832529 -1.09997 -0.0516081 0.259685 0.784079
1.14 1.29589 0.843206 -1.13477 -0.0692664 0.268876 0.79606
1.15 1.31639 0.853874 -1.16952 -0.0869002 0.27813 0.808026
1.16 1.33678 0.864532 -1.20423 -0.104511 0.287448 0.819979
1.17 1.35707 0.875182 -1.2389 -0.1221 0.296828 0.831917
1.18 1.37726 0.885824 -1.27353 -0.139667 0.306271 0.843844
1.19 1.39735 0.896457 -1.30813 -0.157216 0.315776 0.855758
1.2 1.41735 0.907084 -1.34269 -0.174745 0.325343 0.867662
1.21 1.43725 0.917703 -1.37722 -0.192257 0.334972 0.879554
1.22 1.45705 0.928315 -1.41172 -0.209751 0.344663 0.891437
1.23 1.47677 0.93892 -1.44619 -0.22723 0.354414 0.903309
1.24 1.4964 0.94952 -1.48063 -0.244693 0.364225 0.915173
1.25 1.51594 0.960113 -1.51504 -0.262141 0.374097 0.927027
1.26 1.5354 0.970701 -1.54943 -0.279574 0.384028 0.938874
1.27 1.55477 0.981283 -1.58379 -0.296995 0.394018 0.950712
1.28 1.57407 0.99186 -1.61813 -0.314402 0.404067 0.962542
1.29 1.59328 1.00243 -1.65245 -0.331797 0.414174 0.974365
1.3 1.61241 1.013 -1.68675 -0.349179 0.424339 0.98618
1.31 1.63146 1.02356 -1.72102 -0.36655 0.43456 0.997989
1.32 1.65044 1.03412 -1.75528 -0.38391 0.444839 1.00979
1.33 1.66934 1.04467 -1.78951 -0.40126 0.455173 1.02159
1.34 1.68816 1.05522 -1.82373 -0.418598 0.465564 1.03337
1.35 1.70692 1.06577 -1.85793 -0.435927 0.47601 1.04516
1.36 1.7256 1.07631 -1.89211 -0.453247 0.48651 1.05693
1.37 1.74421 1.08685 -1.92628 -0.470557 0.497065 1.06871
1.38 1.76275 1.09739 -1.96043 -0.487858 0.507674 1.08047
1.39 1.78122 1.10792 -1.99456 -0.50515 0.518337 1.09223
1.4 1.79963 1.11845 -2.02868 -0.522435 0.529052 1.10399
1.41 1.81796 1.12897 -2.06278 -0.539711 0.539821 1.11574
1.42 1.83623 1.1395 -2.09687 -0.556979 0.550641 1.12748
1.43 1.85444 1.15002 -2.13095 -0.574239 0.561514 1.13922
1.44 1.87258 1.16054 -2.16501 -0.591492 0.572438 1.15096
1.45 1.89065 1.17105 -2.19907 -0.608738 0.583413 1.16269
1.46 1.90867 1.18156 -2.2331 -0.625977 0.594439 1.17441
1.47 1.92662 1.19207 -2.26713 -0.64321 0.605515 1.18613
1.48 1.94451 1.20258 -2.30115 -0.660435 0.616641 1.19785
1.49 1.96233 1.21309 -2.33515 -0.677655 0.627817 1.20956
1.5 1.9801 1.22359 -2.36914 -0.694868 0.639041 1.22127
1.51 1.99781 1.2341 -2.40313 -0.712075 0.650315 1.23298
1.52 2.01546 1.2446 -2.4371 -0.729277 0.661638 1.24468
1.53 2.03305 1.2551 -2.47106 -0.746472 0.673009 1.25638
1.54 2.05058 1.26559 -2.50501 -0.763662 0.684427 1.26807
1.55 2.06806 1.27609 -2.53895 -0.780847 0.695894 1.27976
1.56 2.08548 1.28659 -2.57289 -0.798027 0.707407 1.29144
1.57 2.10284 1.29708 -2.60681 -0.815201 0.718968 1.30312
1.58 2.12015 1.30757 -2.64072 -0.83237 0.730576 1.3148
1.59 2.1374 1.31806 -2.67463 -0.849535 0.74223 1.32647
1.6 2.1546 1.32855 -2.70853 -0.866695 0.75393 1.33814
1.61 2.17174 1.33904 -2.74242 -0.88385 0.765676 1.34981
1.62 2.18883 1.34953 -2.7763 -0.901 0.777468 1.36147
1.63 2.20587 1.36001 -2.81017 -0.918146 0.789305 1.37313
1.64 2.22285 1.3705 -2.84404 -0.935288 0.801187 1.38479
1.65 2.23979 1.38098 -2.8779 -0.952426 0.813114 1.39644
1.66 2.25667 1.39147 -2.91175 -0.96956 0.825086 1.40809
1.67 2.27349 1.40195 -2.9456 -0.986689 0.837102 1.41974
1.68 2.29027 1.41243 -2.97943 -1.00381 0.849163 1.43138
1.69 2.307 1.42291 -3.01326 -1.02094 0.861268 1.44302
1.7 2.32367 1.4334 -3.04709 -1.03805 0.873416 1.45466
1.71 2.3403 1.44388 -3.08091 -1.05517 0.885608 1.46629
1.72 2.35687 1.45436 -3.11472 -1.07228 0.897843 1.47792
1.73 2.3734 1.46484 -3.14852 -1.08939 0.910122 1.48955
1.74 2.38988 1.47532 -3.18232 -1.10649 0.922443 1.50117
1.75 2.40631 1.4858 -3.21611 -1.12359 0.934808 1.5128
1.76 2.42269 1.49627 -3.2499 -1.14069 0.947215 1.52441
1.77 2.43902 1.50675 -3.28368 -1.15778 0.959664 1.53603
1.78 2.4553 1.51723 -3.31746 -1.17487 0.972156 1.54764
1.79 2.47154 1.52771 -3.35123 -1.19196 0.98469 1.55925
1.8 2.48773 1.53819 -3.38499 -1.20904 0.997266 1.57085
1.81 2.50387 1.54867 -3.41875 -1.22613 1.00988 1.58246
1.82 2.51996 1.55915 -3.45251 -1.2432 1.02254 1.59406
1.83 2.53601 1.56962 -3.48626 -1.26028 1.03524 1.60565
1.84 2.55201 1.5801 -3.52 -1.27735 1.04799 1.61725
1.85 2.56797 1.59058 -3.55374 -1.29442 1.06077 1.62884
1.86 2.58388 1.60106 -3.58747 -1.31149 1.07359 1.64043
1.87 2.59974 1.61154 -3.6212 -1.32855 1.08646 1.65201
1.88 2.61556 1.62202 -3.65493 -1.34562 1.09937 1.6636
1.89 2.63134 1.6325 -3.68865 -1.36268 1.11231 1.67518
1.9 2.64706 1.64298 -3.72237 -1.37973 1.1253 1.68675
1.91 2.66275 1.65346 -3.75608 -1.39679 1.13833 1.69833
1.92 2.67839 1.66394 -3.78978 -1.41384 1.1514 1.7099
1.93 2.69398 1.67442 -3.82349 -1.43089 1.16451 1.72147
1.94 2.70953 1.6849 -3.85719 -1.44794 1.17766 1.73303
1.95 2.72504 1.69539 -3.89088 -1.46498 1.19085 1.74459
1.96 2.7405 1.70587 -3.92457 -1.48202 1.20408 1.75615
1.97 2.75591 1.71635 -3.95826 -1.49906 1.21735 1.76771
1.98 2.77129 1.72684 -3.99194 -1.5161 1.23065 1.77926
1.99 2.78662 1.73732 -4.02562 -1.53314 1.244 1.79081
2 2.8019 1.74781 -4.0593 -1.55017 1.25739 1.80236
2.01 2.81715 1.75829 -4.09297 -1.5672 1.27082 1.81391
2.02 2.83235 1.76878 -4.12664 -1.58423 1.28429 1.82545
2.03 2.8475 1.77927 -4.1603 -1.60126 1.2978 1.83699
2.04 2.86262 1.78976 -4.19396 -1.61829 1.31135 1.84853
2.05 2.87769 1.80025 -4.22762 -1.63531 1.32493 1.86006
2.06 2.89272 1.81074 -4.26128 -1.65233 1.33856 1.87159
2.07 2.9077 1.82123 -4.29493 -1.66935 1.35222 1.88312
2.08 2.92265 1.83172 -4.32857 -1.68637 1.36593 1.89465
2.09 2.93755 1.84222 -4.36222 -1.70338 1.37967 1.90617
2.1 2.9524 1.85271 -4.39586 -1.7204 1.39346 1.91769
2.11 2.96722 1.8632 -4.4295 -1.73741 1.40728 1.92921
2.12 2.98199 1.8737 -4.46313 -1.75442 1.42114 1.94072
2.13 2.99672 1.8842 -4.49676 -1.77143 1.43504 1.95223
2.14 3.01141 1.8947 -4.53039 -1.78844 1.44898 1.96374
2.15 3.02606 1.9052 -4.56402 -1.80544 1.46296 1.97525
2.16 3.04066 1.9157 -4.59764 -1.82245 1.47698 1.98675
2.17 3.05523 1.9262 -4.63126 -1.83945 1.49104 1.99825
2.18 3.06975 1.9367 -4.66488 -1.85645 1.50513 2.00975
2.19 3.08422 1.94721 -4.69849 -1.87345 1.51927 2.02124
2.2 3.09866 1.95772 -4.7321 -1.89045 1.53344 2.03273
2.21 3.11306 1.96822 -4.76571 -1.90744 1.54766 2.04422
2.22 3.12741 1.97873 -4.79932 -1.92444 1.56191 2.05571
2.23 3.14172 1.98924 -4.83292 -1.94143 1.5762 2.06719
2.24 3.15599 1.99976 -4.86652 -1.95842 1.59053 2.07867
2.25 3.17022 2.01027 -4.90012 -1.97541 1.6049 2.09014
2.26 3.18441 2.02078 -4.93372 -1.9924 1.61931 2.10162
2.27 3.19855 2.0313 -4.96731 -2.00939 1.63376 2.11309
2.28 3.21265 2.04182 -5.0009 -2.02637 1.64825 2.12456
2.29 3.22671 2.05234 -5.03449 -2.04336 1.66277 2.13602
2.3 3.24073 2.06286 -5.06807 -2.06034 1.67734 2.14748
2.31 3.25471 2.07338 -5.10166 -2.07732 1.69195 2.15894
2.32 3.26865 2.08391 -5.13524 -2.0943 1.70659 2.1704
2.33 3.28254 2.09443 -5.16882 -2.11128 1.72128 2.18185
2.34 3.29639 2.10496 -5.20239 -2.12826 1.736 2.1933
2.35 3.3102 2.11549 -5.23597 -2.14524 1.75077 2.20474
2.36 3.32397 2.12602 -5.26954 -2.16221 1.76557 2.21619
2.37 3.3377 2.13656 -5.30311 -2.17918 1.78041 2.22763
2.38 3.35138 2.14709 -5.33668 -2.19616 1.7953 2.23906
2.39 3.36503 2.15763 -5.37024 -2.21313 1.81022 2.2505
2.4 3.37863 2.16817 -5.40381 -2.2301 1.82518 2.26193
2.41 3.39218 2.17871 -5.43737 -2.24707 1.84018 2.27335
2.42 3.4057 2.18926 -5.47093 -2.26403 1.85523 2.28478
2.43 3.41917 2.1998 -5.50448 -2.281 1.87031 2.2962
2.44 3.43261 2.21035 -5.53804 -2.29797 1.88543 2.30762
2.45 3.446 2.2209 -5.57159 -2.31493 1.9006 2.31903
2.46 3.45934 2.23145 -5.60514 -2.33189 1.9158 2.33044
2.47 3.47265 2.24201 -5.63869 -2.34886 1.93105 2.34185
2.48 3.48591 2.25257 -5.67224 -2.36582 1.94633 2.35325
2.49 3.49913 2.26312 -5.70579 -2.38278 1.96166 2.36465
2.5 3.5123 2.27369 -5.73933 -2.39974 1.97703 2.37605
2.51 3.52544 2.28425 -5.77287 -2.41669 1.99243 2.38744
2.52 3.53853 2.29482 -5.80641 -2.43365 2.00788 2.39883
2.53 3.55157 2.30539 -5.83995 -2.45061 2.02337 2.41022
2.54 3.56458 2.31596 -5.87348 -2.46756 2.03891 2.4216
2.55 3.57754 2.32653 -5.90702 -2.48451 2.05448 2.43298
2.56 3.59045 2.33711 -5.94055 -2.50147 2.0701 2.44436
2.57 3.60333 2.34769 -5.97408 -2.51842 2.08575 2.45573
2.58 3.61616 2.35827 -6.00761 -2.53537 2.10145 2.4671
2.59 3.62894 2.36885 -6.04114 -2.55232 2.1172 2.47847
2.6 3.64168 2.37944 -6.07466 -2.56927 2.13298 2.48983
2.61 3.65438 2.39003 -6.10819 -2.58622 2.14881 2.50119
2.62 3.66703 2.40062 -6.14171 -2.60316 2.16468 2.51254
2.63 3.67964 2.41122 -6.17523 -2.62011 2.18059 2.52389
2.64 3.6922 2.42182 -6.20875 -2.63705 2.19655 2.53524
2.65 3.70472 2.43242 -6.24227 -2.654 2.21255 2.54658
2.66 3.71719 2.44302 -6.27578 -2.67094 2.22859 2.55792
2.67 3.72962 2.45363 -6.3093 -2.68788 2.24468 2.56925
2.68 3.742 2.46424 -6.34281 -2.70482 2.26081 2.58058
2.69 3.75434 2.47486 -6.37632 -2.72176 2.27699 2.59191
2.7 3.76662 2.48547 -6.40983 -2.7387 2.29321 2.60323
2.71 3.77887 2.4961 -6.44334 -2.75564 2.30947 2.61455
2.72 3.79106 2.50672 -6.47685 -2.77258 2.32578 2.62586
2.73 3.80321 2.51735 -6.51035 -2.78952 2.34214 2.63717
2.74 3.81532 2.52798 -6.54386 -2.80645 2.35854 2.64848
2.75 3.82737 2.53861 -6.57736 -2.82339 2.37499 2.65978
2.76 3.83938 2.54925 -6.61086 -2.84032 2.39148 2.67107
2.77 3.85134 2.55989 -6.64436 -2.85726 2.40802 2.68237
2.78 3.86325 2.57054 -6.67786 -2.87419 2.4246 2.69365
2.79 3.87512 2.58119 -6.71136 -2.89112 2.44124 2.70494
2.8 3.88693 2.59184 -6.74485 -2.90806 2.45792 2.71622
2.81 3.8987 2.6025 -6.77835 -2.92499 2.47464 2.72749
2.82 3.91042 2.61316 -6.81184 -2.94192 2.49142 2.73876
2.83 3.92208 2.62382 -6.84533 -2.95885 2.50824 2.75002
2.84 3.9337 2.63449 -6.87882 -2.97577 2.52512 2.76128
2.85 3.94527 2.64516 -6.91231 -2.9927 2.54204 2.77254
2.86 3.95678 2.65584 -6.9458 -3.00963 2.55901 2.78379
2.87 3.96825 2.66652 -6.97928 -3.02656 2.57603 2.79503
2.88 3.97966 2.67721 -7.01277 -3.04348 2.5931 2.80627
2.89 3.99103 2.6879 -7.04625 -3.06041 2.61023 2.81751
2.9 4.00233 2.6986 -7.07973 -3.07733 2.6274 2.82873
2.91 4.01359 2.7093 -7.11322 -3.09425 2.64462 2.83996
2.92 4.0248 2.72 -7.1467 -3.11118 2.6619 2.85118
2.93 4.03594 2.73071 -7.18017 -3.1281 2.67923 2.86239
2.94 4.04704 2.74142 -7.21365 -3.14502 2.69661 2.8736
2.95 4.05808 2.75214 -7.24713 -3.16194 2.71405 2.8848
2.96 4.06907 2.76287 -7.2806 -3.17886 2.73154 2.89599
2.97 4.08 2.7736 -7.31408 -3.19578 2.74908 2.90718
2.98 4.09087 2.78433 -7.34755 -3.2127 2.76668 2.91837
2.99 4.10169 2.79507 -7.38102 -3.22962 2.78433 2.92955
3 4.11245 2.80582 -7.41449 -3.24654 2.80204 2.94072
3.01 4.12316 2.81657 -7.44796 -3.26345 2.81981 2.95188
3.02 4.1338 2.82733 -7.48143 -3.28037 2.83763 2.96304
3.03 4.14439 2.83809 -7.5149 -3.29728 2.85551 2.9742
3.04 4.15491 2.84886 -7.54837 -3.3142 2.87345 2.98534
3.05 4.16538 2.85963 -7.58183 -3.33111 2.89145 2.99648
3.06 4.17578 2.87041 -7.6153 -3.34803 2.90951 3.00761
3.07 4.18612 2.8812 -7.64876 -3.36494 2.92763 3.01874
3.08 4.1964 2.892 -7.68222 -3.38185 2.94582 3.02986
3.09 4.20662 2.9028 -7.71568 -3.39877 2.96406 3.04097
3.1 4.21677 2.9136 -7.74914 -3.41568 2.98237 3.05207
3.11 4.22686 2.92442 -7.7826 -3.43259 3.00074 3.06317
3.12 4.23688 2.93524 -7.81606 -3.4495 3.01917 3.07426
3.13 4.24684 2.94607 -7.84952 -3.46641 3.03767 3.08534
3.14 4.25673 2.95691 -7.88297 -3.48332 3.05624 3.09641
3.15 4.26655 2.96775 -7.91643 -3.50023 3.07488 3.10748
3.16 4.2763 2.9786 -7.94988 -3.51713 3.09358 3.11853
3.17 4.28598 2.98946 -7.98333 -3.53404 3.11235 3.12958
3.18 4.29559 3.00033 -8.01679 -3.55095 3.1312 3.14062
3.19 4.30513 3.01121 -8.05024 -3.56785 3.15011 3.15165
3.2 4.31459 3.02209 -8.08369 -3.58476 3.1691 3.16267
3.21 4.32398 3.03299 -8.11714 -3.60166 3.18816 3.17368
3.22 4.33329 3.04389 -8.15058 -3.61857 3.2073 3.18468
3.23 4.34252 3.0548 -8.18403 -3.63547 3.22651 3.19567
3.24 4.35168 3.06572 -8.21748 -3.65238 3.2458 3.20665
3.25 4.36075 3.07666 -8.25092 -3.66928 3.26517 3.21762
3.26 4.36975 3.0876 -8.28437 -3.68618 3.28462 3.22858
3.27 4.37866 3.09855 -8.31781 -3.70308 3.30415 3.23953
3.28 4.38748 3.10952 -8.35125 -3.71999 3.32377 3.25047
3.29 4.39622 3.12049 -8.3847 -3.73689 3.34347 3.2614
3.3 4.40487 3.13148 -8.41814 -3.75379 3.36326 3.27231
3.31 4.41343 3.14248 -8.45158 -3.77069 3.38314 3.28321
3.32 4.4219 3.15349 -8.48502 -3.78759 3.40311 3.2941
3.33 4.43028 3.16451 -8.51845 -3.80449 3.42318 3.30498
3.34 4.43856 3.17555 -8.55189 -3.82139 3.44333 3.31584
3.35 4.44674 3.1866 -8.58533 -3.83828 3.46359 3.32669
3.36 4.45482 3.19766 -8.61876 -3.85518 3.48394 3.33752
3.37 4.4628 3.20874 -8.6522 -3.87208 3.5044 3.34834
3.38 4.47067 3.21983 -8.68563 -3.88898 3.52497 3.35914
3.39 4.47843 3.23094 -8.71907 -3.90587 3.54564 3.36993
3.4 4.48608 3.24207 -8.7525 -3.92277 3.56642 3.3807
3.41 4.49362 3.25321 -8.78593 -3.93966 3.58731 3.39145
3.42 4.50104 3.26437 -8.81936 -3.95656 3.60832 3.40218
3.43 4.50834 3.27555 -8.85279 -3.97345 3.62946 3.4129
3.44 4.51551 3.28675 -8.88622 -3.99035 3.65071 3.4236
3.45 4.52255 3.29797 -8.91965 -4.00724 3.6721 3.43427
3.46 4.52946 3.30921 -8.95308 -4.02413 3.69361 3.44492
3.47 4.53624 3.32047 -8.9865 -4.04103 3.71527 3.45555
3.48 4.54287 3.33176 -9.01993 -4.05792 3.73706 3.46616
3.49 4.54935 3.34307 -9.05336 -4.07481 3.75901 3.47674
3.5 4.55568 3.3544 -9.08678 -4.0917 3.7811 3.4873
3.51 4.56185 3.36576 -9.12021 -4.10859 3.80336 3.49783
3.52 4.56785 3.37715 -9.15363 -4.12548 3.82578 3.50833
3.53 4.57368 3.38857 -9.18705 -4.14237 3.84837 3.5188
3.54 4.57933 3.40003 -9.22047 -4.15926 3.87114 3.52923
3.55 4.58479 3.41152 -9.25389 -4.17615 3.89411 3.53964
3.56 4.59005 3.42304 -9.28731 -4.19304 3.91727 3.55
3.57 4.5951 3.4346 -9.32073 -4.20993 3.94064 3.56032
3.58 4.59993 3.44621 -9.35415 -4.22682 3.96423 3.57061
3.59 4.60452 3.45786 -9.38757 -4.2437 3.98805 3.58084
3.6 4.60887 3.46956 -9.42099 -4.26059 4.01212 3.59103
3.61 4.61296 3.48132 -9.4544 -4.27748 4.03645 3.60116
3.62 4.61676 3.49313 -9.48782 -4.29436 4.06106 3.61124
3.63 4.62026 3.50501 -9.52124 -4.31125 4.08598 3.62125
3.64 4.62343 3.51695 -9.55465 -4.32814 4.11122 3.63118
3.65 4.62626 3.52898 -9.58807 -4.34502 4.13681 3.64104
3.66 4.62869 3.54109 -9.62148 -4.36191 4.16279 3.65081
3.67 4.63071 3.55331 -9.65489 -4.37879 4.18919 3.66049
3.68 4.63225 3.56563 -9.6883 -4.39568 4.21605 3.67004
3.69 4.63327 3.57809 -9.72171 -4.41256 4.24344 3.67947
3.7 4.6337 3.5907 -9.75513 -4.42944 4.27143 3.68874
3.71 4.63345 3.6035 -9.78854 -4.44633 4.30009 3.69783
3.72 4.6324 3.61652 -9.82194 -4.46321 4.32955 3.70669
3.73 4.6304 3.62982 -9.85535 -4.48009 4.35995 3.71527
3.74 4.62723 3.6435 -9.88876 -4.49697 4.39153 3.72347
3.75 4.62255 3.65769 -9.92217 -4.51385 4.42462 3.73116
3.76 4.61579 3.67266 -9.95558 -4.53074 4.45978 3.73807
3.77 4.60587 3.68898 -9.98898 -4.54762 4.49811 3.74363
3.78 4.58996 3.70852 -10.0224 -4.5645 4.54243 3.74598
3.79 4.56206 3.74545 -10.0558 -4.58138 4.59873 3.73092
3.8 4.54192 3.78809 -10.0892 -4.59826 4.64728 3.71017
3.81 4.52714 3.82697 -10.1226 -4.61514 4.69047 3.69317
3.82 4.51416 3.86439 -10.156 -4.63202 4.73185 3.67763
3.83 4.50211 3.90101 -10.1894 -4.64889 4.77229 3.66289
3.84 4.49066 3.93711 -10.2228 -4.66577 4.81215 3.64866
3.85 4.4796 3.97285 -10.2562 -4.68265 4.85161 3.6348
3.86 4.46884 4.00833 -10.2896 -4.69953 4.89077 3.6212
3.87 4.4583 4.0436 -10.323 -4.71641 4.92971 3.60781
3.88 4.44794 4.0787 -10.3564 -4.73328 4.96847 3.59458
3.89 4.43773 4.11367 -10.3898 -4.75016 5.00708 3.58149
3.9 4.42763 4.14853 -10.4232 -4.76704 5.04558 3.56851
3.91 4.41764 4.18329 -10.4566 -4.78391 5.08397 3.55562
3.92 4.40773 4.21797 -10.49 -4.80079 5.12227 3.54282
3.93 4.3979 4.25258 -10.5234 -4.81766 5.1605 3.53009
3.94 4.38814 4.28712 -10.5568 -4.83454 5.19866 3.51742
3.95 4.37843 4.32161 -10.5902 -4.85141 5.23676 3.5048
3.96 4.36877 4.35605 -10.6236 -4.86829 5.27481 3.49224
3.97 4.35916 4.39045 -10.657 -4.88516 5.31282 3.47971
3.98 4.34959 4.4248 -10.6904 -4.90204 5.35078 3.46723
3.99 4.34006 4.45912 -10.7238 -4.91891 5.38871 3.45479
4 4.33056 4.49341 -10.7572 -4.93578 5.4266 3.44237
4.01 4.3211 4.52767 -10.7906 -4.95266 5.46446 3.42999
4.02 4.31166 4.5619 -10.8239 -4.96953 5.50229 3.41763
4.03 4.30225 4.5961 -10.8573 -4.9864 5.54009 3.4053
4.04 4.29286 4.63028 -10.8907 -5.00327 5.57787 3.39299
4.05 4.28349 4.66444 -10.9241 -5.02014 5.61563 3.38071
4.06 4.27415 4.69857 -10.9575 -5.03702 5.65336 3.36844
4.07 4.26482 4.73269 -10.9909 -5.05389 5.69107 3.35619
4.08 4.25552 4.76679 -11.0243 -5.07076 5.72877 3.34396
4.09 4.24623 4.80088 -11.0577 -5.08763 5.76645 3.33175
4.1 4.23695 4.83495 -11.0911 -5.1045 5.80411 3.31955
4.11 4.22769 4.869 -11.1244 -5.12137 5.84176 3.30737
4.12 4.21845 4.90304 -11.1578 -5.13824 5.87939 3.2952
4.13 4.20921 4.93706 -11.1912 -5.15511 5.91701 3.28304
4.14 4.19999 4.97108 -11.2246 -5.17198 5.95461 3.2709
4.15 4.19079 5.00508 -11.258 -5.18885 5.99221 3.25877
4.16 4.18159 5.03907 -11.2914 -5.20571 6.02979 3.24664
4.17 4.1724 5.07305 -11.3248 -5.22258 6.06736 3.23453
4.18 4.16323 5.10702 -11.3581 -5.23945 6.10492 3.22243
4.19 4.15406 5.14098 -11.3915 -5.25632 6.14247 3.21034
4.2 4.1449 5.17493 -11.4249 -5.27319 6.18001 3.19826
4.21 4.13575 5.20887 -11.4583 -5.29005 6.21754 3.18618
4.22 4.12661 5.24281 -11.4917 -5.30692 6.25507 3.17411
4.23 4.11748 5.27673 -11.5251 -5.32379 6.29258 3.16206
4.24 4.10835 5.31065 -11.5584 -5.34065 6.33009 3.15
4.25 4.09923 5.34456 -11.5918 -5.35752 6.36758 3.13796
4.26 4.09012 5.37846 -11.6252 -5.37439 6.40508 3.12592
4.27 4.08102 5.41236 -11.6586 -5.39125 6.44256 3.11389
4.28 4.07192 5.44625 -11.692 -5.40812 6.48004 3.10187
4.29 4.06283 5.48013 -11.7253 -5.42498 6.51751 3.08985
4.3 4.05374 5.51401 -11.7587 -5.44185 6.55497 3.07784
4.31 4.04466 5.54788 -11.7921 -5.45871 6.59243 3.06583
4.32 4.03559 5.58175 -11.8255 -5.47558 6.62988 3.05383
4.33 4.02652 5.61561 -11.8588 -5.49244 6.66733 3.04183
4.34 4.01745 5.64946 -11.8922 -5.5093 6.70477 3.02984
4.35 4.00839 5.68331 -11.9256 -5.52617 6.74221 3.01785
4.36 3.99934 5.71716 -11.959 -5.54303 6.77964 3.00587
4.37 3.99029 5.751 -11.9924 -5.55989 6.81706 2.99389
4.38 3.98124 5.78484 -12.0257 -5.57676 6.85448 2.98192
4.39 3.9722 5.81867 -12.0591 -5.59362 6.8919 2.96995
4.4 3.96316 5.85249 -12.0925 -5.61048 6.92931 2.95799
4.41 3.95413 5.88632 -12.1258 -5.62734 6.96672 2.94603
4.42 3.9451 5.92013 -12.1592 -5.64421 7.00412 2.93407
4.43 3.93607 5.95395 -12.1926 -5.66107 7.04152 2.92212
4.44 3.92705 5.98776 -12.226 -5.67793 7.07892 2.91017
4.45 3.91803 6.02157 -12.2593 -5.69479 7.11631 2.89822
4.46 3.90901 6.05537 -12.2927 -5.71165 7.1537 2.88628
4.47 3.9 6.08917 -12.3261 -5.72851 7.19108 2.87434
4.48 3.89099 6.12297 -12.3595 -5.74537 7.22846 2.8624
4.49 3.88198 6.15676 -12.3928 -5.76223 7.26584 2.85047
4.5 3.87298 6.19055 -12.4262 -5.77909 7.30321 2.83854
4.51 3.86398 6.22434 -12.4596 -5.79595 7.34058 2.82662
4.52 3.85498 6.25812 -12.4929 -5.81281 7.37795 2.81469
4.53 3.84599 6.2919 -12.5263 -5.82967 7.41531 2.80277
4.54 3.83699 6.32568 -12.5597 -5.84653 7.45267 2.79085
4.55 3.828 6.35945 -12.593 -5.86339 7.49003 2.77894
4.56 3.81902 6.39322 -12.6264 -5.88025 7.52738 2.76702
4.57 3.81003 6.42699 -12.6598 -5.8971 7.56474 2.75511
4.58 3.80105 6.46076 -12.6931 -5.91396 7.60208 2.7432
4.59 3.79207 6.49452 -12.7265 -5.93082 7.63943 2.7313
4.6 3.78309 6.52828 -12.7599 -5.94768 7.67677 2.71939
4.61 3.77412 6.56204 -12.7932 -5.96454 7.71412 2.70749
4.62 3.76514 6.5958 -12.8266 -5.98139 7.75145 2.69559
4.63 3.75617 6.62955 -12.86 -5.99825 7.78879 2.6837
4.64 3.7472 6.6633 -12.8933 -6.01511 7.82612 2.6718
4.65 3.73824 6.69705 -12.9267 -6.03196 7.86345 2.65991
4.66 3.72927 6.7308 -12.9601 -6.04882 7.90078 2.64802
4.67 3.72031 6.76454 -12.9934 -6.06568 7.93811 2.63613
4.68 3.71135 6.79829 -13.0268 -6.08253 7.97543 2.62424
4.69 3.70239 6.83203 -13.0601 -6.09939 8.01276 2.61236
4.7 3.69343 6.86577 -13.0935 -6.11624 8.05008 2.60048
4.71 3.68447 6.8995 -13.1269 -6.1331 8.0874 2.5886
4.72 3.67552 6.93324 -13.1602 -6.14995 8.12471 2.57672
4.73 3.66657 6.96697 -13.1936 -6.16681 8.16202 2.56484
4.74 3.65762 7.0007 -13.227 -6.18366 8.19934 2.55296
4.75 3.64867 7.03443 -13.2603 -6.20052 8.23665 2.54109
4.76 3.63972 7.06816 -13.2937 -6.21737 8.27395 2.52922
4.77 3.63077 7.10188 -13.327 -6.23423 8.31126 2.51734
4.78 3.62183 7.13561 -13.3604 -6.25108 8.34857 2.50548
4.79 3.61288 7.16933 -13.3938 -6.26793 8.38587 2.49361
4.8 3.60394 7.20305 -13.4271 -6.28479 8.42317 2.48174
4.81 3.595 7.23677 -13.4605 -6.30164 8.46047 2.46988
4.82 3.58606 7.27048 -13.4938 -6.31849 8.49777 2.45801
4.83 3.57713 7.3042 -13.5272 -6.33535 8.53506 2.44615
4.84 3.56819 7.33791 -13.5605 -6.3522 8.57235 2.43429
4.85 3.55925 7.37162 -13.5939 -6.36905 8.60965 2.42243
4.86 3.55032 7.40533 -13.6273 -6.3859 8.64694 2.41057
4.87 3.54139 7.43904 -13.6606 -6.40276 8.68423 2.39871
4.88 3.53246 7.47275 -13.694 -6.41961 8.72151 2.38686
4.89 3.52353 7.50645 -13.7273 -6.43646 8.7588 2.37501
4.9 3.5146 7.54016 -13.7607 -6.45331 8.79609 2.36315
4.91 3.50567 7.57386 -13.794 -6.47016 8.83337 2.3513
4.92 3.49674 7.60756 -13.8274 -6.48701 8.87065 2.33945
4.93 3.48782 7.64126 -13.8607 -6.50387 8.90793 2.3276
4.94 3.47889 7.67496 -13.8941 -6.52072 8.94521 2.31575
4.95 3.46997 7.70866 -13.9275 -6.53757 8.98249 2.30391
4.96 3.46105 7.74236 -13.9608 -6.55442 9.01976 2.29206
4.97 3.45212 7.77605 -13.9942 -6.57127 9.05704 2.28021
4.98 3.4432 7.80975 -14.0275 -6.58812 9.09431 2.26837
4.99 3.43428 7.84344 -14.0609 -6.60497 9.13158 2.25653
5 3.42537 7.87713 -14.0942 -6.62182 9.16886 2.24469
5.01 3.41645 7.91082 -14.1276 -6.63867 9.20613 2.23285
5.02 3.40753 7.94451 -14.1609 -6.65552 9.24339 2.22101
5.03 3.39862 7.9782 -14.1943 -6.67236 9.28066 2.20917
5.04 3.3897 8.01188 -14.2276 -6.68921 9.31793 2.19733
5.05 3.38079 8.04557 -14.261 -6.70606 9.35519 2.18549
5.06 3.37187 8.07925 -14.2943 -6.72291 9.39246 2.17366
5.07 3.36296 8.11294 -14.3277 -6.73976 9.42972 2.16182
5.08 3.35405 8.14662 -14.361 -6.75661 9.46698 2.14999
5.09 3.34514 8.1803 -14.3944 -6.77346 9.50424 2.13815
5.1 3.33623 8.21398 -14.4277 -6.7903 9.5415 2.12632
5.11 3.32732 8.24766 -14.4611 -6.80715 9.57876 2.11449
5.12 3.31841 8.28134 -14.4944 -6.824 9.61602 2.10266
5.13 3.30951 8.31502 -14.5278 -6.84085 9.65327 2.09083
5.14 3.3006 8.34869 -14.5611 -6.85769 9.69053 2.079
5.15 3.29169 8.38237 -14.5945 -6.87454 9.72778 2.06717
5.16 3.28279 8.41604 -14.6278 -6.89139 9.76503 2.05535
5.17 3.27389 8.44971 -14.6612 -6.90823 9.80229 2.04352
5.18 3.26498 8.48339 -14.6945 -6.92508 9.83954 2.0317
5.19 3.25608 8.51706 -14.7279 -6.94193 9.87679 2.01987
5.2 3.24718 8.55073 -14.7612 -6.95877 9.91404 2.00805
5.21 3.23828 8.5844 -14.7946 -6.97562 9.95128 1.99622
5.22 3.22937 8.61806 -14.8279 -6.99247 9.98853 1.9844
5.23 3.22047 8.65173 -14.8613 -7.00931 10.0258 1.97258
5.24 3.21157 8.6854 -14.8946 -7.02616 10.063 1.96076
5.25 3.20268 8.71906 -14.9279 -7.043 10.1003 1.94894
5.26 3.19378 8.75273 -14.9613 -7.05985 10.1375 1.93712
5.27 3.18488 8.78639 -14.9946 -7.07669 10.1748 1.9253
5.28 3.17598 8.82006 -15.028 -7.09354 10.212 1.91348
5.29 3.16709 8.85372 -15.0613 -7.11038 10.2492 1.90166
5.3 3.15819 8.88738 -15.0947 -7.12723 10.2865 1.88985
5.31 3.1493 8.92104 -15.128 -7.14407 10.3237 1.87803
5.32 3.1404 8.9547 -15.1614 -7.16092 10.361 1.86621
5.33 3.13151 8.98836 -15.1947 -7.17776 10.3982 1.8544
5.34 3.12261 9.02202 -15.228 -7.1946 10.4354 1.84259
5.35 3.11372 9.05568 -15.2614 -7.21145 10.4727 1.83077
5.36 3.10483 9.08933 -15.2947 -7.22829 10.5099 1.81896
5.37 3.09594 9.12299 -15.3281 -7.24514 10.5471 1.80715
5.38 3.08705 9.15664 -15.3614 -7.26198 10.5844 1.79533
5.39 3.07815 9.1903 -15.3948 -7.27882 10.6216 1.78352
5.4 3.06926 9.22395 -15.4281 -7.29567 10.6588 1.77171
5.41 3.06037 9.25761 -15.4614 -7.31251 10.6961 1.7599
5.42 3.05149 9.29126 -15.4948 -7.32935 10.7333 1.74809
5.43 3.0426 9.32491 -15.5281 -7.34619 10.7705 1.73628
5.44 3.03371 9.35856 -15.5615 -7.36304 10.8078 1.72447
5.45 3.02482 9.39221 -15.5948 -7.37988 10.845 1.71267
5.46 3.01593 9.42586 -15.6281 -7.39672 10.8822 1.70086
5.47 3.00705 9.45951 -15.6615 -7.41356 10.9194 1.68905
5.48 2.99816 9.49316 -15.6948 -7.4304 10.9567 1.67725
5.49 2.98927 9.52681 -15.7282 -7.44725 10.9939 1.66544
5.5 2.98039 9.56045 -15.7615 -7.46409 11.0311 1.65364
5.51 2.9715 9.5941 -15.7948 -7.48093 11.0683 1.64183
5.52 2.96262 9.62774 -15.8282 -7.49777 11.1056 1.63003
5.53 2.95373 9.66139 -15.8615 -7.51461 11.1428 1.61822
5.54 2.94485 9.69503 -15.8949 -7.53145 11.18 1.60642
5.55 2.93597 9.72868 -15.9282 -7.54829 11.2172 1.59462
5.56 2.92708 9.76232 -15.9615 -7.56513 11.2544 1.58281
5.57 2.9182 9.79596 -15.9949 -7.58197 11.2917 1.57101
5.58 2.90932 9.8296 -16.0282 -7.59882 11.3289 1.55921
5.59 2.90044 9.86325 -16.0615 -7.61566 11.3661 1.54741
5.6 2.89156 9.89689 -16.0949 -7.6325 11.4033 1.53561
5.61 2.88268 9.93053 -16.1282 -7.64934 11.4405 1.52381
5.62 2.8738 9.96417 -16.1616 -7.66618 11.4778 1.51201
5.63 2.86492 9.9978 -16.1949 -7.68302 11.515 1.50021
5.64 2.85604 10.0314 -16.2282 -7.69985 11.5522 1.48841
5.65 2.84716 10.0651 -16.2616 -7.71669 11.5894 1.47661
5.66 2.83828 10.0987 -16.2949 -7.73353 11.6266 1.46482
5.67 2.8294 10.1324 -16.3282 -7.75037 11.6638 1.45302
5.68 2.82052 10.166 -16.3616 -7.76721 11.701 1.44122
5.69 2.81164 10.1996 -16.3949 -7.78405 11.7383 1.42943
5.7 2.80277 10.2333 -16.4282 -7.80089 11.7755 1.41763
5.71 2.79389 10.2669 -16.4616 -7.81773 11.8127 1.40583
5.72 2.78501 10.3005 -16.4949 -7.83457 11.8499 1.39404
5.73 2.77613 10.3342 -16.5282 -7.85141 11.8871 1.38224
5.74 2.76726 10.3678 -16.5616 -7.86824 11.9243 1.37045
5.75 2.75838 10.4014 -16.5949 -7.88508 11.9615 1.35866
5.76 2.74951 10.4351 -16.6282 -7.90192 11.9987 1.34686
5.77 2.74063 10.4687 -16.6616 -7.91876 12.0359 1.33507
5.78 2.73176 10.5023 -16.6949 -7.9356 12.0732 1.32328
5.79 2.72288 10.536 -16.7282 -7.95243 12.1104 1.31148
5.8 2.71401 10.5696 -16.7616 -7.96927 12.1476 1.29969
5.81 2.70513 10.6032 -16.7949 -7.98611 12.1848 1.2879
5.82 2.69626 10.6368 -16.8282 -8.00295 12.222 1.27611
5.83 2.68739 10.6705 -16.8616 -8.01978 12.2592 1.26432
5.84 2.67851 10.7041 -16.8949 -8.03662 12.2964 1.25253
5.85 2.66964 10.7377 -16.9282 -8.05346 12.3336 1.24073
5.86 2.66077 10.7713 -16.9616 -8.07029 12.3708 1.22894
5.87 2.6519 10.805 -16.9949 -8.08713 12.408 1.21715
5.88 2.64302 10.8386 -17.0282 -8.10397 12.4452 1.20537
5.89 2.63415 10.8722 -17.0616 -8.1208 12.4824 1.19358
5.9 2.62528 10.9059 -17.0949 -8.13764 12.5196 1.18179
5.91 2.61641 10.9395 -17.1282 -8.15447 12.5568 1.17
5.92 2.60754 10.9731 -17.1616 -8.17131 12.594 1.15821
5.93 2.59867 11.0067 -17.1949 -8.18815 12.6312 1.14642
5.94 2.5898 11.0403 -17.2282 -8.20498 12.6684 1.13464
5.95 2.58093 11.074 -17.2615 -8.22182 12.7056 1.12285
5.96 2.57206 11.1076 -17.2949 -8.23865 12.7428 1.11106
5.97 2.56319 11.1412 -17.3282 -8.25549 12.78 1.09928
5.98 2.55432 11.1748 -17.3615 -8.27232 12.8172 1.08749
5.99 2.54545 11.2085 -17.3949 -8.28916 12.8544 1.0757
6 2.53658 11.2421 -17.4282 -8.30599 12.8916 1.06392
6.01 2.52771 11.2757 -17.4615 -8.32283 12.9288 1.05213
6.02 2.51885 11.3093 -17.4948 -8.33966 12.966 1.04035
6.03 2.50998 11.3429 -17.5282 -8.3565 13.0032 1.02856
6.04 2.50111 11.3766 -17.5615 -8.37333 13.0404 1.01678
6.05 2.49224 11.4102 -17.5948 -8.39017 13.0776 1.005
6.06 2.48337 11.4438 -17.6282 -8.407 13.1148 0.993212
6.07 2.47451 11.4774 -17.6615 -8.42384 13.152 0.981428
6.08 2.46564 11.511 -17.6948 -8.44067 13.1892 0.969645
6.09 2.45677 11.5446 -17.7281 -8.4575 13.2264 0.957862
6.1 2.44791 11.5783 -17.7615 -8.47434 13.2636 0.94608
6.11 2.43904 11.6119 -17.7948 -8.49117 13.3008 0.934298
6.12 2.43018 11.6455 -17.8281 -8.508 13.3379 0.922516
6.13 2.42131 11.6791 -17.8614 -8.52484 13.3751 0.910734
6.14 2.41244 11.7127 -17.8948 -8.54167 13.4123 0.898952
6.15 2.40358 11.7463 -17.9281 -8.5585 13.4495 0.887171
6.16 2.39471 11.7799 -17.9614 -8.57534 13.4867 0.87539
6.17 2.38585 11.8136 -17.9947 -8.59217 13.5239 0.863609
6.18 2.37698 11.8472 -18.0281 -8.609 13.5611 0.851829
6.19 2.36812 11.8808 -18.0614 -8.62584 13.5983 0.840049
6.2 2.35926 11.9144 -18.0947 -8.64267 13.6355 0.828269
6.21 2.35039 11.948 -18.1281 -8.6595 13.6727 0.816489
6.22 2.34153 11.9816 -18.1614 -8.67633 13.7098 0.80471
6.23 2.33266 12.0152 -18.1947 -8.69317 13.747 0.792931
6.24 2.3238 12.0488 -18.228 -8.71 13.7842 0.781152
6.25 2.31494 12.0825 -18.2613 -8.72683 13.8214 0.769373
6.26 2.30607 12.1161 -18.2947 -8.74366 13.8586 0.757594
6.27 2.29721 12.1497 -18.328 -8.7605 13.8958 0.745816
6.28 2.28835 12.1833 -18.3613 -8.77733 13.933 0.734038
6.29 2.27949 12.2169 -18.3946 -8.79416 13.9702 0.722261
6.3 2.27062 12.2505 -18.428 -8.81099 14.0073 0.710483
6.31 2.26176 12.2841 -18.4613 -8.82782 14.0445 0.698706
6.32 2.2529 12.3177 -18.4946 -8.84465 14.0817 0.686929
6.33 2.24404 12.3513 -18.5279 -8.86148 14.1189 0.675152
6.34 2.23518 12.3849 -18.5613 -8.87832 14.1561 0.663376
6.35 2.22631 12.4185 -18.5946 -8.89515 14.1933 0.651599
6.36 2.21745 12.4522 -18.6279 -8.91198 14.2305 0.639823
6.37 2.20859 12.4858 -18.6612 -8.92881 14.2676 0.628047
6.38 2.19973 12.5194 -18.6946 -8.94564 14.3048 0.616272
6.39 2.19087 12.553 -18.7279 -8.96247 14.342 0.604496
6.4 2.18201 12.5866 -18.7612 -8.9793 14.3792 0.592721
6.41 2.17315 12.6202 -18.7945 -8.99613 14.4164 0.580946
6.42 2.16429 12.6538 -18.8278 -9.01296 14.4535 0.569171
6.43 2.15543 12.6874 -18.8612 -9.02979 14.4907 0.557397
6.44 2.14657 12.721 -18.8945 -9.04662 14.5279 0.545622
6.45 2.13771 12.7546 -18.9278 -9.06345 14.5651 0.533848
6.46 2.12885 12.7882 -18.9611 -9.08028 14.6023 0.522074
6.47 2.11999 12.8218 -18.9944 -9.09711 14.6395 0.5103
6.48 2.11113 12.8554 -19.0278 -9.11394 14.6766 0.498527
6.49 2.10227 12.889 -19.0611 -9.13077 14.7138 0.486754
6.5 2.09341 12.9226 -19.0944 -9.1476 14.751 0.47498
6.51 2.08455 12.9562 -19.1277 -9.16443 14.7882 0.463207
6.52 2.0757 12.9898 -19.161 -9.18126 14.8254 0.451435
6.53 2.06684 13.0234 -19.1944 -9.19809 14.8625 0.439662
6.54 2.05798 13.057 -19.2277 -9.21492 14.8997 0.42789
6.55 2.04912 13.0906 -19.261 -9.23175 14.9369 0.416118
6.56 2.04026 13.1242 -19.2943 -9.24858 14.9741 0.404346
6.57 2.0314 13.1578 -19.3276 -9.26541 15.0112 0.392574
6.58 2.02255 13.1914 -19.361 -9.28223 15.0484 0.380802
6.59 2.01369 13.225 -19.3943 -9.29906 15.0856 0.369031
6.6 2.00483 13.2586 -19.4276 -9.31589 15.1228 0.35726
6.61 1.99597 13.2922 -19.4609 -9.33272 15.1599 0.345489
6.62 1.98712 13.3258 -19.4942 -9.34955 15.1971 0.333718
6.63 1.97826 13.3594 -19.5276 -9.36638 15.2343 0.321947
6.64 1.9694 13.393 -19.5609 -9.3832 15.2715 0.310177
6.65 1.96055 13.4266 -19.5942 -9.40003 15.3086 0.298407
6.66 1.95169 13.4602 -19.6275 -9.41686 15.3458 0.286637
6.67 1.94283 13.4938 -19.6608 -9.43369 15.383 0.274867
6.68 1.93398 13.5274 -19.6941 -9.45052 15.4202 0.263097
6.69 1.92512 13.561 -19.7275 -9.46734 15.4573 0.251327
6.7 1.91626 13.5946 -19.7608 -9.48417 15.4945 0.239558
6.71 1.90741 13.6282 -19.7941 -9.501 15.5317 0.227789
6.72 1.89855 13.6618 -19.8274 -9.51783 15.5689 0.21602
6.73 1.8897 13.6954 -19.8607 -9.53465 15.606 0.204251
6.74 1.88084 13.729 -19.8941 -9.55148 15.6432 0.192482
6.75 1.87198 13.7626 -19.9274 -9.56831 15.6804 0.180714
6.76 1.86313 13.7962 -19.9607 -9.58514 15.7176 0.168945
6.77 1.85427 13.8298 -19.994 -9.60196 15.7547 0.157177
6.78 1.84542 13.8634 -20.0273 -9.61879 15.7919 0.145409
6.79 1.83656 13.897 -20.0606 -9.63562 15.8291 0.133641
6.8 1.82771 13.9306 -20.094 -9.65244 15.8662 0.121874
6.81 1.81885 13.9642 -20.1273 -9.66927 15.9034 0.110106
6.82 1.81 13.9978 -20.1606 -9.6861 15.9406 0.0983386
6.83 1.80114 14.0314 -20.1939 -9.70292 15.9778 0.0865714
6.84 1.79229 14.0649 -20.2272 -9.71975 16.0149 0.0748043
6.85 1.78344 14.0985 -20.2605 -9.73658 16.0521 0.0630374
6.86 1.77458 14.1321 -20.2938 -9.7534 16.0893 0.0512707
6.87 1.76573 14.1657 -20.3272 -9.77023 16.1264 0.0395041
6.88 1.75687 14.1993 -20.3605 -9.78705 16.1636 0.0277377
6.89 1.74802 14.2329 -20.3938 -9.80388 16.2008 0.0159714
6.9 1.73917 14.2665 -20.4271 -9.82071 16.2379 0.00420524
6.91 1.73031 14.3001 -20.4604 -9.83753 16.2751 -0.00756074
6.92 1.72146 14.3337 -20.4937 -9.85436 16.3123 -0.0193266
6.93 1.7126 14.3673 -20.527 -9.87118 16.3494 -0.0310922
6.94 1.70375 14.4009 -20.5604 -9.88801 16.3866 -0.0428578
6.95 1.6949 14.4345 -20.5937 -9.90483 16.4238 -0.0546232
6.96 1.68605 14.468 -20.627 -9.92166 16.4609 -0.0663884
6.97 1.67719 14.5016 -20.6603 -9.93848 16.4981 -0.0781535
6.98 1.66834 14.5352 -20.6936 -9.95531 16.5353 -0.0899184
6.99 1.65949 14.5688 -20.7269 -9.97213 16.5724 -0.101683
7 1.65063 14.6024 -20.7602 -9.98896 16.6096 -0.113448
7.01 1.64178 14.636 -20.7936 -10.0058 16.6468 -0.125212
7.02 1.63293 14.6696 -20.8269 -10.0226 16.6839 -0.136977
7.03 1.62408 14.7032 -20.8602 -10.0394 16.7211 -0.148741
7.04 1.61522 14.7368 -20.8935 -10.0563 16.7583 -0.160505
7.05 1.60637 14.7704 -20.9268 -10.0731 16.7954 -0.172269
7.06 1.59752 14.8039 -20.9601 -10.0899 16.8326 -0.184033
7.07 1.58867 14.8375 -20.9934 -10.1067 16.8698 -0.195797
7.08 1.57982 14.8711 -21.0267 -10.1236 16.9069 -0.20756
7.09 1.57096 14.9047 -21.0601 -10.1404 16.9441 -0.219324
7.1 1.56211 14.9383 -21.0934 -10.1572 16.9813 -0.231087
7.11 1.55326 14.9719 -21.1267 -10.174 17.0184 -0.24285
7.12 1.54441 15.0055 -21.16 -10.1909 17.0556 -0.254613
7.13 1.53556 15.0391 -21.1933 -10.2077 17.0928 -0.266376
7.14 1.52671 15.0726 -21.2266 -10.2245 17.1299 -0.278139
7.15 1.51785 15.1062 -21.2599 -10.2413 17.1671 -0.289901
7.16 1.509 15.1398 -21.2932 -10.2581 17.2042 -0.301664
7.17 1.50015 15.1734 -21.3266 -10.275 17.2414 -0.313426
7.18 1.4913 15.207 -21.3599 -10.2918 17.2786 -0.325188
7.19 1.48245 15.2406 -21.3932 -10.3086 17.3157 -0.33695
7.2 1.4736 15.2742 -21.4265 -10.3254 17.3529 -0.348712
7.21 1.46475 15.3077 -21.4598 -10.3423 17.3901 -0.360474
7.22 1.4559 15.3413 -21.4931 -10.3591 17.4272 -0.372236
7.23 1.44705 15.3749 -21.5264 -10.3759 17.4644 -0.383998
7.24 1.4382 15.4085 -21.5597 -10.3927 17.5015 -0.395759
7.25 1.42935 15.4421 -21.593 -10.4096 17.5387 -0.40752
7.26 1.4205 15.4757 -21.6264 -10.4264 17.5759 -0.419282
7.27 1.41165 15.5092 -21.6597 -10.4432 17.613 -0.431043
7.28 1.4028 15.5428 -21.693 -10.46 17.6502 -0.442804
7.29 1.39394 15.5764 -21.7263 -10.4768 17.6873 -0.454565
7.3 1.38509 15.61 -21.7596 -10.4937 17.7245 -0.466325
7.31 1.37624 15.6436 -21.7929 -10.5105 17.7617 -0.478086
7.32 1.3674 15.6772 -21.8262 -10.5273 17.7988 -0.489846
7.33 1.35855 15.7107 -21.8595 -10.5441 17.836 -0.501607
7.34 1.3497 15.7443 -21.8928 -10.561 17.8731 -0.513367
7.35 1.34085 15.7779 -21.9261 -10.5778 17.9103 -0.525127
7.36 1.332 15.8115 -21.9595 -10.5946 17.9475 -0.536887
7.37 1.32315 15.8451 -21.9928 -10.6114 17.9846 -0.548647
7.38 1.3143 15.8787 -22.0261 -10.6282 18.0218 -0.560407
7.39 1.30545 15.9122 -22.0594 -10.6451 18.0589 -0.572167
7.4 1.2966 15.9458 -22.0927 -10.6619 18.0961 -0.583926
7.41 1.28775 15.9794 -22.126 -10.6787 18.1332 -0.595686
7.42 1.2789 16.013 -22.1593 -10.6955 18.1704 -0.607445
7.43 1.27005 16.0466 -22.1926 -10.7124 18.2076 -0.619205
7.44 1.2612 16.0801 -22.2259 -10.7292 18.2447 -0.630964
7.45 1.25235 16.1137 -22.2592 -10.746 18.2819 -0.642723
7.46 1.24351 16.1473 -22.2925 -10.7628 18.319 -0.654482
7.47 1.23466 16.1809 -22.3258 -10.7796 18.3562 -0.66624
7.48 1.22581 16.2145 -22.3592 -10.7965 18.3933 -0.677999
7.49 1.21696 16.248 -22.3925 -10.8133 18.4305 -0.689758
7.5 1.20811 16.2816 -22.4258 -10.8301 18.4677 -0.701516
7.51 1.19926 16.3152 -22.4591 -10.8469 18.5048 -0.713275
7.52 1.19041 16.3488 -22.4924 -10.8638 18.542 -0.725033
7.53 1.18157 16.3824 -22.5257 -10.8806 18.5791 -0.736791
7.54 1.17272 16.4159 -22.559 -10.8974 18.6163 -0.748549
7.55 1.16387 16.4495 -22.5923 -10.9142 18.6534 -0.760307
7.56 1.15502 16.4831 -22.6256 -10.931 18.6906 -0.772065
7.57 1.14617 16.5167 -22.6589 -10.9479 18.7277 -0.783823
7.58 1.13733 16.5503 -22.6922 -10.9647 18.7649 -0.795581
7.59 1.12848 16.5838 -22.7255 -10.9815 18.8021 -0.807338
7.6 1.11963 16.6174 -22.7588 -10.9983 18.8392 -0.819096
7.61 1.11078 16.651 -22.7921 -11.0151 18.8764 -0.830853
7.62 1.10193 16.6846 -22.8255 -11.032 18.9135 -0.84261
7.63 1.09309 16.7181 -22.8588 -11.0488 18.9507 -0.854367
7.64 1.08424 16.7517 -22.8921 -11.0656 18.9878 -0.866124
7.65 1.07539 16.7853 -22.9254 -11.0824 19.025 -0.877881
7.66 1.06654 16.8189 -22.9587 -11.0992 19.0621 -0.889638
7.67 1.0577 16.8525 -22.992 -11.1161 19.0993 -0.901395
7.68 1.04885 16.886 -23.0253 -11.1329 19.1364 -0.913152
7.69 1.04 16.9196 -23.0586 -11.1497 19.1736 -0.924908
7.7 1.03116 16.9532 -23.0919 -11.1665 19.2107 -0.936665
7.71 1.02231 16.9868 -23.1252 -11.1833 19.2479 -0.948421
7.72 1.01346 17.0203 -23.1585 -11.2002 19.2851 -0.960177
7.73 1.00461 17.0539 -23.1918 -11.217 19.3222 -0.971934
7.74 0.995767 17.0875 -23.2251 -11.2338 19.3594 -0.98369
7.75 0.98692 17.1211 -23.2584 -11.2506 19.3965 -0.995446
7.76 0.978073 17.1546 -23.2917 -11.2674 19.4337 -1.0072
7.77 0.969227 17.1882 -23.325 -11.2843 19.4708 -1.01896
7.78 0.96038 17.2218 -23.3583 -11.3011 19.508 -1.03071
7.79 0.951533 17.2554 -23.3916 -11.3179 19.5451 -1.04247
7.8 0.942687 17.2889 -23.425 -11.3347 19.5823 -1.05422
7.81 0.93384 17.3225 -23.4583 -11.3515 19.6194 -1.06598
7.82 0.924994 17.3561 -23.4916 -11.3683 19.6566 -1.07774
7.83 0.916147 17.3897 -23.5249 -11.3852 19.6937 -1.08949
7.84 0.907301 17.4232 -23.5582 -11.402 19.7309 -1.10125
7.85 0.898455 17.4568 -23.5915 -11.4188 19.768 -1.113
7.86 0.889609 17.4904 -23.6248 -11.4356 19.8052 -1.12476
7.87 0.880762 17.524 -23.6581 -11.4524 19.8423 -1.13651
7.88 0.871916 17.5575 -23.6914 -11.4693 19.8795 -1.14827
7.89 0.86307 17.5911 -23.7247 -11.4861 19.9166 -1.16002
7.9 0.854224 17.6247 -23.758 -11.5029 19.9538 -1.17178
7.91 0.845378 17.6582 -23.7913 -11.5197 19.9909 -1.18353
7.92 0.836532 17.6918 -23.8246 -11.5365 20.0281 -1.19528
7.93 0.827687 17.7254 -23.8579 -11.5534 20.0652 -1.20704
7.94 0.818841 17.759 -23.8912 -11.5702 20.1024 -1.21879
7.95 0.809995 17.7925 -23.9245 -11.587 20.1395 -1.23055
7.96 0.801149 17.8261 -23.9578 -11.6038 20.1767 -1.2423
7.97 0.792304 17.8597 -23.9911 -11.6206 20.2138 -1.25406
7.98 0.783458 17.8932 -24.0244 -11.6374 20.251 -1.26581
7.99 0.774613 17.9268 -24.0577 -11.6543 20.2881 -1.27756
8 0.765767 17.9604 -24.091 -11.6711 20.3253 -1.28932
8.01 0.756922 17.994 -24.1243 -11.6879 20.3624 -1.30107
8.02 0.748077 18.0275 -24.1576 -11.7047 20.3996 -1.31282
8.03 0.739231 18.0611 -24.1909 -11.7215 20.4367 -1.32458
8.04 0.730386 18.0947 -24.2242 -11.7383 20.4739 -1.33633
8.05 0.721541 18.1282 -24.2575 -11.7552 20.511 -1.34808
8.06 0.712696 18.1618 -24.2908 -11.772 20.5481 -1.35984
8.07 0.70385 18.1954 -24.3241 -11.7888 20.5853 -1.37159
8.08 0.695005 18.229 -24.3574 -11.8056 20.6224 -1.38334
8.09 0.68616 18.2625 -24.3908 -11.8224 20.6596 -1.3951
8.1 0.677315 18.2961 -24.4241 -11.8393 20.6967 -1.40685
8.11 0.668471 18.3297 -24.4574 -11.8561 20.7339 -1.4186
8.12 0.659626 18.3632 -24.4907 -11.8729 20.771 -1.43036
8.13 0.650781 18.3968 -24.524 -11.8897 20.8082 -1.44211
8.14 0.641936 18.4304 -24.5573 -11.9065 20.8453 -1.45386
8.15 0.633091 18.464 -24.5906 -11.9233 20.8825 -1.46561
8.16 0.624247 18.4975 -24.6239 -11.9402 20.9196 -1.47737
8.17 0.615402 18.5311 -24.6572 -11.957 20.9568 -1.48912
8.18 0.606557 18.5647 -24.6905 -11.9738 20.9939 -1.50087
8.19 0.597713 18.5982 -24.7238 -11.9906 21.0311 -1.51262
8.2 0.588868 18.6318 -24.7571 -12.0074 21.0682 -1.52438
8.21 0.580024 18.6654 -24.7904 -12.0242 21.1053 -1.53613
8.22 0.57118 18.6989 -24.8237 -12.0411 21.1425 -1.54788
8.23 0.562335 18.7325 -24.857 -12.0579 21.1796 -1.55963
8.24 0.553491 18.7661 -24.8903 -12.0747 21.2168 -1.57138
8.25 0.544647 18.7996 -24.9236 -12.0915 21.2539 -1.58314
8.26 0.535803 18.8332 -24.9569 -12.1083 21.2911 -1.59489
8.27 0.526958 18.8668 -24.9902 -12.1251 21.3282 -1.60664
8.28 0.518114 18.9003 -25.0235 -12.1419 21.3654 -1.61839
8.29 0.50927 18.9339 -25.0568 -12.1588 21.4025 -1.63014
8.3 0.500426 18.9675 -25.0901 -12.1756 21.4396 -1.6419
8.31 0.491582 19.001 -25.1234 -12.1924 21.4768 -1.65365
8.32 0.482738 19.0346 -25.1567 -12.2092 21.5139 -1.6654
8.33 0.473894 19.0682 -25.19 -12.226 21.5511 -1.67715
8.34 0.46505 19.1017 -25.2233 -12.2428 21.5882 -1.6889
8.35 0.456207 19.1353 -25.2566 -12.2597 21.6254 -1.70065
8.36 0.447363 19.1689 -25.2899 -12.2765 21.6625 -1.7124
8.37 0.438519 19.2024 -25.3232 -12.2933 21.6997 -1.72415
8.38 0.429675 19.236 -25.3565 -12.3101 21.7368 -1.7359
8.39 0.420832 19.2696 -25.3898 -12.3269 21.7739 -1.74766
8.4 0.411988 19.3031 -25.4231 -12.3437 21.8111 -1.75941
8.41 0.403145 19.3367 -25.4564 -12.3606 21.8482 -1.77116
8.42 0.394301 19.3703 -25.4897 -12.3774 21.8854 -1.78291
8.43 0.385458 19.4038 -25.523 -12.3942 21.9225 -1.79466
8.44 0.376614 19.4374 -25.5563 -12.411 21.9597 -1.80641
8.45 0.367771 19.471 -25.5896 -12.4278 21.9968 -1.81816
8.46 0.358927 19.5045 -25.6229 -12.4446 22.0339 -1.82991
8.47 0.350084 19.5381 -25.6562 -12.4614 22.0711 -1.84166
8.48 0.341241 19.5717 -25.6895 -12.4783 22.1082 -1.85341
8.49 0.332397 19.6052 -25.7228 -12.4951 22.1454 -1.86516
8.5 0.323554 19.6388 -25.7561 -12.5119 22.1825 -1.87691
8.51 0.314711 19.6724 -25.7894 -12.5287 22.2196 -1.88866
8.52 0.305868 19.7059 -25.8227 -12.5455 22.2568 -1.90041
8.53 0.297025 19.7395 -25.856 -12.5623 22.2939 -1.91216
8.54 0.288182 19.7731 -25.8893 -12.5791 22.3311 -1.92391
8.55 0.279339 19.8066 -25.9226 -12.596 22.3682 -1.93566
8.56 0.270496 19.8402 -25.9559 -12.6128 22.4054 -1.94741
8.57 0.261653 19.8738 -25.9892 -12.6296 22.4425 -1.95916
8.58 0.25281 19.9073 -26.0224 -12.6464 22.4796 -1.97091
8.59 0.243967 19.9409 -26.0557 -12.6632 22.5168 -1.98266
8.6 0.235124 19.9744 -26.089 -12.68 22.5539 -1.99441
8.61 0.226281 20.008 -26.1223 -12.6968 22.5911 -2.00616
8.62 0.217439 20.0416 -26.1556 -12.7137 22.6282 -2.01791
8.63 0.208596 20.0751 -26.1889 -12.7305 22.6653 -2.02966
8.64 0.199753 20.1087 -26.2222 -12.7473 22.7025 -2.04141
8.65 0.190911 20.1423 -26.2555 -12.7641 22.7396 -2.05316
8.66 0.182068 20.1758 -26.2888 -12.7809 22.7768 -2.0649
8.67 0.173225 20.2094 -26.3221 -12.7977 22.8139 -2.07665
8.68 0.164383 20.2429 -26.3554 -12.8145 22.851 -2.0884
8.69 0.15554 20.2765 -26.3887 -12.8314 22.8882 -2.10015
8.7 0.146698 20.3101 -26.422 -12.8482 22.9253 -2.1119
8.71 0.137856 20.3436 -26.4553 -12.865 22.9625 -2.12365
8.72 0.129013 20.3772 -26.4886 -12.8818 22.9996 -2.1354
8.73 0.120171 20.4108 -26.5219 -12.8986 23.0367 -2.14715
8.74 0.111328 20.4443 -26.5552 -12.9154 23.0739 -2.1589
8.75 0.102486 20.4779 -26.5885 -12.9322 23.111 -2.17064
8.76 0.0936439 20.5114 -26.6218 -12.9491 23.1482 -2.18239
8.77 0.0848017 20.545 -26.6551 -12.9659 23.1853 -2.19414
8.78 0.0759595 20.5786 -26.6884 -12.9827 23.2224 -2.20589
8.79 0.0671173 20.6121 -26.7217 -12.9995 23.2596 -2.21764
8.8 0.0582752 20.6457 -26.755 -13.0163 23.2967 -2.22939
8.81 0.0494331 20.6793 -26.7883 -13.0331 23.3339 -2.24113
8.82 0.040591 20.7128 -26.8216 -13.0499 23.371 -2.25288
8.83 0.031749 20.7464 -26.8549 -13.0667 23.4081 -2.26463
8.84 0.022907 20.7799 -26.8882 -13.0836 23.4453 -2.27638
8.85 0.0140651 20.8135 -26.9215 -13.1004 23.4824 -2.28813
8.86 0.00522314 20.8471 -26.9548 -13.1172 23.5195 -2.29987
8.87 -0.00361875 20.8806 -26.9881 -13.134 23.5567 -2.31162
8.88 -0.0124606 20.9142 -27.0214 -13.1508 23.5938 -2.32337
8.89 -0.0213024 20.9477 -27.0547 -13.1676 23.631 -2.33512
8.9 -0.0301442 20.9813 -27.0879 -13.1844 23.6681 -2.34687
8.91 -0.038986 21.0149 -27.1212 -13.2013 23.7052 -2.35861
8.92 -0.0478277 21.0484 -27.1545 -13.2181 23.7424 -2.37036
8.93 -0.0566694 21.082 -27.1878 -13.2349 23.7795 -2.38211
8.94 -0.0655111 21.1155 -27.2211 -13.2517 23.8166 -2.39386
8.95 -0.0743528 21.1491 -27.2544 -13.2685 23.8538 -2.4056
8.96 -0.0831944 21.1827 -27.2877 -13.2853 23.8909 -2.41735
8.97 -0.0920359 21.2162 -27.321 -13.3021 23.9281 -2.4291
8.98 -0.100877 21.2498 -27.3543 -13.3189 23.9652 -2.44085
8.99 -0.109719 21.2833 -27.3876 -13.3358 24.0023 -2.45259
9 -0.11856 21.3169 -27.4209 -13.3526 24.0395 -2.46434
9.01 -0.127402 21.3505 -27.4542 -13.3694 24.0766 -2.47609
9.02 -0.136243 21.384 -27.4875 -13.3862 24.1137 -2.48783
9.03 -0.145085 21.4176 -27.5208 -13.403 24.1509 -2.49958
9.04 -0.153926 21.4511 -27.5541 -13.4198 24.188 -2.51133
9.05 -0.162767 21.4847 -27.5874 -13.4366 24.2251 -2.52307
9.06 -0.171609 21.5183 -27.6207 -13.4534 24.2623 -2.53482
9.07 -0.18045 21.5518 -27.654 -13.4702 24.2994 -2.54657
9.08 -0.189291 21.5854 -27.6873 -13.4871 24.3366 -2.55832
9.09 -0.198133 21.6189 -27.7206 -13.5039 24.3737 -2.57006
9.1 -0.206974 21.6525 -27.7538 -13.5207 24.4108 -2.58181
9.11 -0.215815 21.6861 -27.7871 -13.5375 24.448 -2.59355
9.12 -0.224656 21.7196 -27.8204 -13.5543 24.4851 -2.6053
9.13 -0.233497 21.7532 -27.8537 -13.5711 24.5222 -2.61705
9.14 -0.242338 21.7867 -27.887 -13.5879 24.5594 -2.62879
9.15 -0.251179 21.8203 -27.9203 -13.6047 24.5965 -2.64054
9.16 -0.26002 21.8538 -27.9536 -13.6216 24.6336 -2.65229
9.17 -0.268861 21.8874 -27.9869 -13.6384 24.6708 -2.66403
9.18 -0.277702 21.921 -28.0202 -13.6552 24.7079 -2.67578
9.19 -0.286543 21.9545 -28.0535 -13.672 24.745 -2.68753
9.2 -0.295384 21.9881 -28.0868 -13.6888 24.7822 -2.69927
9.21 -0.304225 22.0216 -28.1201 -13.7056 24.8193 -2.71102
9.22 -0.313066 22.0552 -28.1534 -13.7224 24.8564 -2.72276
9.23 -0.321907 22.0887 -28.1867 -13.7392 24.8936 -2.73451
9.24 -0.330747 22.1223 -28.22 -13.756 24.9307 -2.74626
9.25 -0.339588 22.1559 -28.2533 -13.7729 24.9678 -2.758
9.26 -0.348429 22.1894 -28.2866 -13.7897 25.005 -2.76975
9.27 -0.35727 22.223 -28.3198 -13.8065 25.0421 -2.78149
9.28 -0.36611 22.2565 -28.3531 -13.8233 25.0792 -2.79324
9.29 -0.374951 22.2901 -28.3864 -13.8401 25.1164 -2.80499
9.3 -0.383792 22.3236 -28.4197 -13.8569 25.1535 -2.81673
9.31 -0.392632 22.3572 -28.453 -13.8737 25.1907 -2.82848
9.32 -0.401473 22.3908 -28.4863 -13.8905 25.2278 -2.84022
9.33 -0.410313 22.4243 -28.5196 -13.9073 25.2649 -2.85197
9.34 -0.419154 22.4579 -28.5529 -13.9242 25.3021 -2.86371
9.35 -0.427994 22.4914 -28.5862 -13.941 25.3392 -2.87546
9.36 -0.436835 22.525 -28.6195 -13.9578 25.3763 -2.8872
9.37 -0.445675 22.5585 -28.6528 -13.9746 25.4135 -2.89895
9.38 -0.454516 22.5921 -28.6861 -13.9914 25.4506 -2.91069
9.39 -0.463356 22.6256 -28.7194 -14.0082 25.4877 -2.92244
9.4 -0.472197 22.6592 -28.7527 -14.025 25.5248 -2.93418
9.41 -0.481037 22.6928 -28.7859 -14.0418 25.562 -2.94593
9.42 -0.489877 22.7263 -28.8192 -14.0586 25.5991 -2.95767
9.43 -0.498718 22.7599 -28.8525 -14.0755 25.6362 -2.96942
9.44 -0.507558 22.7934 -28.8858 -14.0923 25.6734 -2.98116
9.45 -0.516398 22.827 -28.9191 -14.1091 25.7105 -2.99291
9.46 -0.525238 22.8605 -28.9524 -14.1259 25.7476 -3.00465
9.47 -0.534079 22.8941 -28.9857 -14.1427 25.7848 -3.0164
9.48 -0.542919 22.9276 -29.019 -14.1595 25.8219 -3.02814
9.49 -0.551759 22.9612 -29.0523 -14.1763 25.859 -3.03989
9.5 -0.560599 22.9948 -29.0856 -14.1931 25.8962 -3.05163
9.51 -0.569439 23.0283 -29.1189 -14.2099 25.9333 -3.06338
9.52 -0.578279 23.0619 -29.1522 -14.2267 25.9704 -3.07512
9.53 -0.587119 23.0954 -29.1855 -14.2436 26.0076 -3.08687
9.54 -0.595959 23.129 -29.2187 -14.2604 26.0447 -3.09861
9.55 -0.604799 23.1625 -29.252 -14.2772 26.0818 -3.11036
9.56 -0.613639 23.1961 -29.2853 -14.294 26.119 -3.1221
9.57 -0.622479 23.2296 -29.3186 -14.3108 26.1561 -3.13385
9.58 -0.631319 23.2632 -29.3519 -14.3276 26.1932 -3.14559
9.59 -0.640159 23.2967 -29.3852 -14.3444 26.2304 -3.15733
9.6 -0.648999 23.3303 -29.4185 -14.3612 26.2675 -3.16908
9.61 -0.657839 23.3639 -29.4518 -14.378 26.3046 -3.18082
9.62 -0.666679 23.3974 -29.4851 -14.3948 26.3418 -3.19257
9.63 -0.675519 23.431 -29.5184 -14.4116 26.3789 -3.20431
9.64 -0.684359 23.4645 -29.5517 -14.4285 26.416 -3.21606
9.65 -0.693198 23.4981 -29.5849 -14.4453 26.4531 -3.2278
9.66 -0.702038 23.5316 -29.6182 -14.4621 26.4903 -3.23954
9.67 -0.710878 23.5652 -29.6515 -14.4789 26.5274 -3.25129
9.68 -0.719718 23.5987 -29.6848 -14.4957 26.5645 -3.26303
9.69 -0.728557 23.6323 -29.7181 -14.5125 26.6017 -3.27478
9.7 -0.737397 23.6658 -29.7514 -14.5293 26.6388 -3.28652
9.71 -0.746237 23.6994 -29.7847 -14.5461 26.6759 -3.29826
9.72 -0.755076 23.7329 -29.818 -14.5629 26.7131 -3.31001
9.73 -0.763916 23.7665 -29.8513 -14.5797 26.7502 -3.32175
9.74 -0.772755 23.8 -29.8846 -14.5966 26.7873 -3.33349
9.75 -0.781595 23.8336 -29.9179 -14.6134 26.8244 -3.34524
9.76 -0.790435 23.8671 -29.9511 -14.6302 26.8616 -3.35698
9.77 -0.799274 23.9007 -29.9844 -14.647 26.8987 -3.36873
9.78 -0.808114 23.9343 -30.0177 -14.6638 26.9358 -3.38047
9.79 -0.816953 23.9678 -30.051 -14.6806 26.973 -3.39221
9.8 -0.825792 24.0014 -30.0843 -14.6974 27.0101 -3.40396
9.81 -0.834632 24.0349 -30.1176 -14.7142 27.0472 -3.4157
9.82 -0.843471 24.0685 -30.1509 -14.731 27.0844 -3.42744
9.83 -0.852311 24.102 -30.1842 -14.7478 27.1215 -3.43919
9.84 -0.86115 24.1356 -30.2175 -14.7646 27.1586 -3.45093
9.85 -0.869989 24.1691 -30.2508 -14.7814 27.1957 -3.46267
9.86 -0.878829 24.2027 -30.284 -14.7983 27.2329 -3.47442
9.87 -0.887668 24.2362 -30.3173 -14.8151 27.27 -3.48616
9.88 -0.896507 24.2698 -30.3506 -14.8319 27.3071 -3.4979
9.89 -0.905347 24.3033 -30.3839 -14.8487 27.3443 -3.50964
9.9 -0.914186 24.3369 -30.4172 -14.8655 27.3814 -3.52139
9.91 -0.923025 24.3704 -30.4505 -14.8823 27.4185 -3.53313
9.92 -0.931864 24.404 -30.4838 -14.8991 27.4556 -3.54487
9.93 -0.940704 24.4375 -30.5171 -14.9159 27.4928 -3.55662
9.94 -0.949543 24.4711 -30.5504 -14.9327 27.5299 -3.56836
9.95 -0.958382 24.5046 -30.5837 -14.9495 27.567 -3.5801
9.96 -0.967221 24.5382 -30.6169 -14.9663 27.6042 -3.59185
9.97 -0.97606 24.5717 -30.6502 -14.9831 27.6413 -3.60359
9.98 -0.984899 24.6053 -30.6835 -15 27.6784 -3.61533
9.99 -0.993738 24.6388 -30.7168 -15.0168 27.7155 -3.62707
10 -1.00258 24.6724 -30.7501 -15.0336 27.7527 -3.63882
